15.00000 15.00000 0.00000 399.84936 32.31593
30.00000 15.00000 0.00000 431.01832 31.23208
45.00000 15.00000 0.00000 460.30066 30.27055
60.00000 15.00000 0.00000 487.90473 29.45800
75.00000 15.00000 0.00000 513.92821 28.73293
90.00000 15.00000 0.00000 538.43556 28.08335
105.00000 15.00000 0.00000 561.66029 27.57996
120.00000 15.00000 0.00000 583.68671 27.12488
135.00000 15.00000 0.00000 604.40228 26.72867
150.00000 15.00000 0.00000 624.08928 26.33032
165.00000 15.00000 0.00000 642.82482 25.98479
180.00000 15.00000 0.00000 660.52293 25.69053
195.00000 15.00000 0.00000 677.44043 25.42821
210.00000 15.00000 0.00000 693.62489 25.21451
225.00000 15.00000 0.00000 708.92951 24.96168
240.00000 15.00000 0.00000 723.64842 24.83042
15.00000 30.00000 0.00000 401.04415 78.52108
30.00000 30.00000 0.00000 431.95277 76.06154
45.00000 30.00000 0.00000 461.02074 73.81629
60.00000 30.00000 0.00000 488.42638 71.73170
75.00000 30.00000 0.00000 514.19288 69.86641
90.00000 30.00000 0.00000 538.57359 68.11702
105.00000 30.00000 0.00000 561.61597 66.51992
120.00000 30.00000 0.00000 583.42424 65.00074
135.00000 30.00000 0.00000 604.03910 63.63711
150.00000 30.00000 0.00000 623.60272 62.37304
165.00000 30.00000 0.00000 642.18254 61.15578
180.00000 30.00000 0.00000 659.86279 60.03477
195.00000 30.00000 0.00000 676.65719 58.99672
210.00000 30.00000 0.00000 692.67023 57.98267
225.00000 30.00000 0.00000 707.95185 57.03175
240.00000 30.00000 0.00000 722.57596 56.13995
15.00000 45.00000 0.00000 402.24619 124.13433
30.00000 45.00000 0.00000 432.82809 120.28211
45.00000 45.00000 0.00000 461.65463 116.79465
60.00000 45.00000 0.00000 488.81224 113.53974
75.00000 45.00000 0.00000 514.40750 110.51267
90.00000 45.00000 0.00000 538.63507 107.67348
105.00000 45.00000 0.00000 561.48605 105.02483
120.00000 45.00000 0.00000 583.14543 102.55851
135.00000 45.00000 0.00000 603.64186 100.22217
150.00000 45.00000 0.00000 623.07615 98.03147
165.00000 45.00000 0.00000 641.52025 95.99626
180.00000 45.00000 0.00000 659.14282 94.06521
195.00000 45.00000 0.00000 675.82428 92.25300
210.00000 45.00000 0.00000 691.73835 90.46329
225.00000 45.00000 0.00000 706.92615 88.81880
240.00000 45.00000 0.00000 721.45738 87.19026
15.00000 60.00000 0.00000 403.31869 169.10674
30.00000 60.00000 0.00000 433.70675 164.04109
45.00000 60.00000 0.00000 462.23869 159.33115
60.00000 60.00000 0.00000 489.15369 154.84969
75.00000 60.00000 0.00000 514.57061 150.66478
90.00000 60.00000 0.00000 538.61219 146.76126
105.00000 60.00000 0.00000 561.27616 143.11380
120.00000 60.00000 0.00000 582.80053 139.65698
135.00000 60.00000 0.00000 603.19395 136.38968
150.00000 60.00000 0.00000 622.46074 133.29836
165.00000 60.00000 0.00000 640.86910 130.36971
180.00000 60.00000 0.00000 658.32137 127.65273
195.00000 60.00000 0.00000 674.91069 125.02245
210.00000 60.00000 0.00000 690.71970 122.53868
225.00000 60.00000 0.00000 705.86908 120.17731
240.00000 60.00000 0.00000 720.29043 117.95038
15.00000 75.00000 0.00000 404.36824 213.45065
30.00000 75.00000 0.00000 434.44746 207.05867
45.00000 75.00000 0.00000 462.75697 201.15042
60.00000 75.00000 0.00000 489.41187 195.57696
75.00000 75.00000 0.00000 514.61152 190.33772
90.00000 75.00000 0.00000 538.48072 185.33567
105.00000 75.00000 0.00000 561.03237 180.68244
120.00000 75.00000 0.00000 582.36866 176.30827
135.00000 75.00000 0.00000 602.59604 172.10747
150.00000 75.00000 0.00000 621.77451 168.15909
165.00000 75.00000 0.00000 640.02143 164.41410
180.00000 75.00000 0.00000 657.39542 160.88807
195.00000 75.00000 0.00000 673.90661 157.53752
210.00000 75.00000 0.00000 689.67700 154.29426
225.00000 75.00000 0.00000 704.62683 151.17890
240.00000 75.00000 0.00000 719.06292 148.31218
15.00000 90.00000 0.00000 405.44168 256.88633
30.00000 90.00000 0.00000 435.13039 249.37918
45.00000 90.00000 0.00000 463.23491 242.28603
60.00000 90.00000 0.00000 489.63694 235.63245
75.00000 90.00000 0.00000 514.60918 229.32655
90.00000 90.00000 0.00000 538.23217 223.36517
105.00000 90.00000 0.00000 560.68258 217.71430
120.00000 90.00000 0.00000 581.87468 212.37816
135.00000 90.00000 0.00000 601.92713 207.36117
150.00000 90.00000 0.00000 621.00022 202.57212
165.00000 90.00000 0.00000 639.16056 198.02026
180.00000 90.00000 0.00000 656.40421 193.68398
195.00000 90.00000 0.00000 672.81340 189.56544
210.00000 90.00000 0.00000 688.45569 185.68752
225.00000 90.00000 0.00000 703.32822 181.93482
240.00000 90.00000 0.00000 717.71698 178.33265
15.00000 105.00000 0.00000 406.47061 299.57432
30.00000 105.00000 0.00000 435.81808 290.86913
45.00000 105.00000 0.00000 463.58165 282.73161
60.00000 105.00000 0.00000 489.79532 274.99298
75.00000 105.00000 0.00000 514.52449 267.65931
90.00000 105.00000 0.00000 537.92600 260.83218
105.00000 105.00000 0.00000 560.14977 254.20555
120.00000 105.00000 0.00000 581.21501 248.01185
135.00000 105.00000 0.00000 601.16405 242.07351
150.00000 105.00000 0.00000 620.10917 236.49979
165.00000 105.00000 0.00000 638.14927 231.20075
180.00000 105.00000 0.00000 655.32930 226.07813
195.00000 105.00000 0.00000 671.63697 221.25973
210.00000 105.00000 0.00000 687.27992 216.64168
225.00000 105.00000 0.00000 702.10104 212.26093
240.00000 105.00000 0.00000 716.38654 208.02309
15.00000 120.00000 0.00000 407.40849 341.25754
30.00000 120.00000 0.00000 436.41469 331.52222
45.00000 120.00000 0.00000 463.86901 322.35455
60.00000 120.00000 0.00000 489.82136 313.59815
75.00000 120.00000 0.00000 514.37172 305.30826
90.00000 120.00000 0.00000 537.60196 297.50365
105.00000 120.00000 0.00000 559.56388 290.08984
120.00000 120.00000 0.00000 580.50685 282.98345
135.00000 120.00000 0.00000 600.31492 276.27495
150.00000 120.00000 0.00000 619.13999 269.90717
165.00000 120.00000 0.00000 637.12500 263.81500
180.00000 120.00000 0.00000 654.17398 258.01865
195.00000 120.00000 0.00000 670.48612 252.48359
210.00000 120.00000 0.00000 685.91953 247.20544
225.00000 120.00000 0.00000 700.68857 242.21925
240.00000 120.00000 0.00000 714.93986 237.39109
15.00000 135.00000 0.00000 408.29023 381.91872
30.00000 135.00000 0.00000 436.97073 371.22765
45.00000 135.00000 0.00000 464.08933 361.08135
60.00000 135.00000 0.00000 489.75278 351.39211
75.00000 135.00000 0.00000 514.05980 342.21671
90.00000 135.00000 0.00000 537.07140 333.55292
105.00000 135.00000 0.00000 558.98910 325.24789
120.00000 135.00000 0.00000 579.69947 317.37693
135.00000 135.00000 0.00000 599.38021 309.91565
150.00000 135.00000 0.00000 618.14549 302.74942
165.00000 135.00000 0.00000 635.93500 295.99246
180.00000 135.00000 0.00000 652.93828 289.49992
195.00000 135.00000 0.00000 669.05005 283.30347
210.00000 135.00000 0.00000 684.51878 277.44714
225.00000 135.00000 0.00000 699.27086 271.77002
240.00000 135.00000 0.00000 713.42734 266.34329
15.00000 150.00000 0.00000 409.16356 421.58364
30.00000 150.00000 0.00000 437.45168 409.92079
45.00000 150.00000 0.00000 464.23862 398.91143
60.00000 150.00000 0.00000 489.63380 388.34008
75.00000 150.00000 0.00000 513.68488 378.37584
90.00000 150.00000 0.00000 536.51288 368.83512
105.00000 150.00000 0.00000 558.19395 359.77877
120.00000 150.00000 0.00000 578.79132 351.12133
135.00000 150.00000 0.00000 598.36924 342.91010
150.00000 150.00000 0.00000 616.94516 335.11282
165.00000 150.00000 0.00000 634.70676 327.60519
180.00000 150.00000 0.00000 651.59683 320.42717
195.00000 150.00000 0.00000 667.65631 313.63194
210.00000 150.00000 0.00000 683.06876 307.09712
225.00000 150.00000 0.00000 697.82617 300.78360
240.00000 150.00000 0.00000 711.87950 294.81839
15.00000 165.00000 0.00000 409.93347 460.10769
30.00000 165.00000 0.00000 437.83487 447.62913
45.00000 165.00000 0.00000 464.28950 435.82476
60.00000 165.00000 0.00000 489.43541 424.46341
75.00000 165.00000 0.00000 513.28160 413.67827
90.00000 165.00000 0.00000 535.93878 403.37309
105.00000 165.00000 0.00000 557.42959 393.57227
120.00000 165.00000 0.00000 577.83417 384.25674
135.00000 165.00000 0.00000 597.27329 375.33076
150.00000 165.00000 0.00000 615.75508 366.83733
165.00000 165.00000 0.00000 633.35238 358.68321
180.00000 165.00000 0.00000 650.14766 350.89127
195.00000 165.00000 0.00000 666.23869 343.38987
210.00000 165.00000 0.00000 681.53043 336.30071
225.00000 165.00000 0.00000 696.18588 329.48458
240.00000 165.00000 0.00000 710.20063 322.97198
15.00000 180.00000 0.00000 410.62382 497.63401
30.00000 180.00000 0.00000 438.22737 484.36818
45.00000 180.00000 0.00000 464.38435 471.75166
60.00000 180.00000 0.00000 489.26817 459.66424
75.00000 180.00000 0.00000 512.80765 448.21328
90.00000 180.00000 0.00000 535.22207 437.18559
105.00000 180.00000 0.00000 556.54730 426.67562
120.00000 180.00000 0.00000 576.78301 416.67754
135.00000 180.00000 0.00000 596.08500 407.12122
150.00000 180.00000 0.00000 614.43641 397.90717
165.00000 180.00000 0.00000 631.97984 389.12404
180.00000 180.00000 0.00000 648.69792 380.75006
195.00000 180.00000 0.00000 664.67740 372.70964
210.00000 180.00000 0.00000 679.87939 365.06242
225.00000 180.00000 0.00000 694.46620 357.69943
240.00000 180.00000 0.00000 708.53982 350.54214
15.00000 195.00000 0.00000 411.35800 534.05411
30.00000 195.00000 0.00000 438.55135 520.08101
45.00000 195.00000 0.00000 464.38175 506.75877
60.00000 195.00000 0.00000 488.93203 494.00618
75.00000 195.00000 0.00000 512.31889 481.79307
90.00000 195.00000 0.00000 534.47829 470.13527
105.00000 195.00000 0.00000 555.62147 458.99821
120.00000 195.00000 0.00000 575.68329 448.36547
135.00000 195.00000 0.00000 594.90735 438.10734
150.00000 195.00000 0.00000 613.14550 428.38717
165.00000 195.00000 0.00000 630.56706 419.06035
180.00000 195.00000 0.00000 647.18540 410.07469
195.00000 195.00000 0.00000 663.02029 401.54766
210.00000 195.00000 0.00000 678.21470 393.35915
225.00000 195.00000 0.00000 692.75950 385.42799
240.00000 195.00000 0.00000 706.78292 377.86737
30.00000 210.00000 0.00000 438.81327 554.76711
45.00000 210.00000 0.00000 464.31665 540.80448
60.00000 210.00000 0.00000 488.61714 527.40116
75.00000 210.00000 0.00000 511.71241 514.61676
90.00000 210.00000 0.00000 533.74103 502.33350
105.00000 210.00000 0.00000 554.65171 490.61493
120.00000 210.00000 0.00000 574.59682 479.38397
135.00000 210.00000 0.00000 593.58240 468.59681
150.00000 210.00000 0.00000 611.79426 458.20163
165.00000 210.00000 0.00000 629.01908 448.36718
180.00000 210.00000 0.00000 645.60253 438.82368
195.00000 210.00000 0.00000 661.37628 429.76946
210.00000 210.00000 0.00000 676.51099 421.03491
225.00000 210.00000 0.00000 690.97452 412.70720
240.00000 210.00000 0.00000 704.96988 404.62455
60.00000 225.00000 0.00000 488.28930 559.94203
75.00000 225.00000 0.00000 511.11601 546.57224
90.00000 225.00000 0.00000 532.98051 533.67350
105.00000 225.00000 0.00000 553.63838 521.42861
120.00000 225.00000 0.00000 573.45594 509.64264
135.00000 225.00000 0.00000 592.33753 498.27242
150.00000 225.00000 0.00000 610.31294 487.45846
165.00000 225.00000 0.00000 627.48298 477.09845
180.00000 225.00000 0.00000 643.94034 467.13798
195.00000 225.00000 0.00000 659.74078 457.49154
210.00000 225.00000 0.00000 674.75431 448.29451
225.00000 225.00000 0.00000 689.17470 439.41051
240.00000 225.00000 0.00000 703.06072 430.93179
105.00000 240.00000 0.00000 552.60096 551.47701
120.00000 240.00000 0.00000 572.22947 539.17673
135.00000 240.00000 0.00000 590.99810 527.36047
150.00000 240.00000 0.00000 608.92080 516.02851
165.00000 240.00000 0.00000 625.97794 505.11811
180.00000 240.00000 0.00000 642.22882 494.69362
195.00000 240.00000 0.00000 657.96491 484.58632
210.00000 240.00000 0.00000 672.94577 474.96013
225.00000 240.00000 0.00000 687.20366 465.75237
240.00000 240.00000 0.00000 701.15188 456.73788
0.06931 14.98500 15.00500 334.76579 34.33389
0.06931 29.98500 15.00500 336.45217 80.42561
0.06931 44.98500 15.00500 338.17910 125.98686
0.06931 59.98500 15.00500 339.83358 170.89922
0.06931 74.98500 15.00500 341.49186 215.09827
0.06931 89.98500 15.00500 343.17979 258.51670
0.06931 104.98500 15.00500 344.81149 301.08310
0.06931 119.98500 15.00500 346.49385 342.69966
0.06931 134.98500 15.00500 348.09546 383.32749
0.06931 149.98500 15.00500 349.72513 422.93064
0.06931 164.98500 15.00500 351.20412 461.44231
0.06931 179.98500 15.00500 352.85553 498.87508
0.06931 194.98500 15.00500 354.26466 535.21260
0.06931 14.98500 30.00500 304.45724 35.15647
0.06931 29.98500 30.00500 306.31834 79.85334
0.06931 44.98500 30.00500 308.23431 123.99467
0.06931 59.98500 30.00500 310.09324 167.58758
0.06931 74.98500 30.00500 311.96471 210.48260
0.06931 89.98500 30.00500 313.88293 252.67739
0.06931 104.98500 30.00500 315.83343 294.05894
0.06931 119.98500 30.00500 317.74176 334.57015
0.06931 134.98500 30.00500 319.62655 374.15541
0.06931 149.98500 30.00500 321.46537 412.76816
0.06931 164.98500 30.00500 323.38029 450.41106
0.06931 179.98500 30.00500 325.28274 487.00490
0.06931 194.98500 30.00500 327.02497 522.58139
0.06931 209.98500 30.00500 328.81076 557.21674
0.06931 14.98500 45.00500 275.99341 36.02881
0.06931 29.98500 45.00500 277.99803 79.36669
0.06931 44.98500 45.00500 280.03693 122.22245
0.06931 59.98500 45.00500 282.11029 164.53177
0.06931 74.98500 45.00500 284.18766 206.16663
0.06931 89.98500 45.00500 286.31687 247.15708
0.06931 104.98500 45.00500 288.40487 287.43199
0.06931 119.98500 45.00500 290.52220 326.84567
0.06931 134.98500 45.00500 292.65989 365.42125
0.06931 149.98500 45.00500 294.77293 403.10233
0.06931 164.98500 45.00500 296.91744 439.88189
0.06931 179.98500 45.00500 299.02880 475.66229
0.06931 194.98500 45.00500 301.13251 510.55109
0.06931 209.98500 45.00500 303.19893 544.45289
0.06931 14.98500 60.00500 249.34518 36.89881
0.06931 29.98500 60.00500 251.36584 79.01025
0.06931 44.98500 60.00500 253.51933 120.57480
0.06931 59.98500 60.00500 255.72667 161.65697
0.06931 74.98500 60.00500 257.97507 202.16804
0.06931 89.98500 60.00500 260.24334 241.99738
0.06931 104.98500 60.00500 262.56245 281.17169
0.06931 119.98500 60.00500 264.90289 319.60877
0.06931 134.98500 60.00500 267.21676 357.19212
0.06931 149.98500 60.00500 269.54073 393.96059
0.06931 164.98500 60.00500 271.87928 429.88144
0.06931 179.98500 60.00500 274.24522 464.92431
0.06931 194.98500 60.00500 276.57995 499.02973
0.06931 209.98500 60.00500 278.92976 532.28049
0.06931 14.98500 75.00500 224.16515 37.79611
0.06931 29.98500 75.00500 226.36244 78.68152
0.06931 44.98500 75.00500 228.59479 119.08839
0.06931 59.98500 75.00500 230.90452 158.97922
0.06931 74.98500 75.00500 233.30606 198.35745
0.06931 89.98500 75.00500 235.68336 237.12017
0.06931 104.98500 75.00500 238.13841 275.22697
0.06931 119.98500 75.00500 240.60417 312.67347
0.06931 134.98500 75.00500 243.12985 349.37032
0.06931 149.98500 75.00500 245.65476 385.27276
0.06931 164.98500 75.00500 248.21989 420.37270
0.06931 179.98500 75.00500 250.75662 454.68253
0.06931 194.98500 75.00500 253.23166 488.03317
0.06931 209.98500 75.00500 255.81502 520.63460
0.06931 224.98500 75.00500 258.38349 552.40112
0.06931 14.98500 90.00500 200.35538 38.71990
0.06931 29.98500 90.00500 202.70477 78.42274
0.06931 44.98500 90.00500 205.05414 117.68662
0.06931 59.98500 90.00500 207.46808 156.50568
0.06931 74.98500 90.00500 209.94519 194.78575
0.06931 89.98500 90.00500 212.50524 232.58217
0.06931 104.98500 90.00500 215.05114 269.65407
0.06931 119.98500 90.00500 217.73528 306.18981
0.06931 134.98500 90.00500 220.36628 341.89023
0.06931 149.98500 90.00500 223.00578 376.98453
0.06931 164.98500 90.00500 225.73497 411.34214
0.06931 179.98500 90.00500 228.42022 444.84473
0.06931 194.98500 90.00500 231.07849 477.56204
0.06931 209.98500 90.00500 233.81652 509.53703
0.06931 224.98500 90.00500 236.44834 540.70824
0.06931 14.98500 105.00500 177.91612 39.63729
0.06931 29.98500 105.00500 180.35690 78.21504
0.06931 44.98500 105.00500 182.82575 116.44870
0.06931 59.98500 105.00500 185.30173 154.18029
0.06931 74.98500 105.00500 187.94628 191.45594
0.06931 89.98500 105.00500 190.58137 228.22648
0.06931 104.98500 105.00500 193.24530 264.41481
0.06931 119.98500 105.00500 195.92560 299.91397
0.06931 134.98500 105.00500 198.81453 334.87195
0.06931 149.98500 105.00500 201.57843 369.13265
0.06931 164.98500 105.00500 204.33944 402.68511
0.06931 179.98500 105.00500 207.24186 435.48665
0.06931 194.98500 105.00500 210.01735 467.59323
0.06931 209.98500 105.00500 212.78423 498.86959
0.06931 224.98500 105.00500 215.56293 529.46190
0.06931 239.98500 105.00500 218.23578 559.31954
0.06931 14.98500 120.00500 156.73019 40.51590
0.06931 29.98500 120.00500 159.26347 78.04327
0.06931 44.98500 120.00500 161.77787 115.26716
0.06931 59.98500 120.00500 164.39605 151.99770
0.06931 74.98500 120.00500 167.07834 188.29932
0.06931 89.98500 120.00500 169.81692 224.11797
0.06931 104.98500 120.00500 172.57384 259.36124
0.06931 119.98500 120.00500 175.40422 294.07163
0.06931 134.98500 120.00500 178.31865 328.19889
0.06931 149.98500 120.00500 181.18787 361.62392
0.06931 164.98500 120.00500 184.10789 394.48092
0.06931 179.98500 120.00500 187.10066 426.56585
0.06931 194.98500 120.00500 189.98338 457.98460
0.06931 209.98500 120.00500 192.94272 488.74400
0.06931 224.98500 120.00500 195.79380 518.81155
0.06931 239.98500 120.00500 198.49159 548.01715
0.06931 14.98500 135.00500 136.67012 41.40736
0.06931 29.98500 135.00500 139.31997 77.96749
0.06931 44.98500 135.00500 141.91352 114.16357
0.06931 59.98500 135.00500 144.56719 149.92928
0.06931 74.98500 135.00500 147.35910 185.32026
0.06931 89.98500 135.00500 150.12593 220.26811
0.06931 104.98500 135.00500 153.01816 254.64232
0.06931 119.98500 135.00500 155.90403 288.50686
0.06931 134.98500 135.00500 158.85934 321.81136
0.06931 149.98500 135.00500 161.80913 354.49292
0.06931 164.98500 135.00500 164.91094 386.67920
0.06931 179.98500 135.00500 167.86837 417.94980
0.06931 194.98500 135.00500 170.92927 448.81574
0.06931 209.98500 135.00500 173.90944 478.92124
0.06931 224.98500 135.00500 176.93232 508.42262
0.06931 239.98500 135.00500 179.85045 537.19732
0.06931 14.98500 150.00500 117.75517 42.23529
0.06931 29.98500 150.00500 120.42813 77.85890
0.06931 44.98500 150.00500 123.10301 113.12089
0.06931 59.98500 150.00500 125.84366 148.04693
0.06931 74.98500 150.00500 128.66470 182.51671
0.06931 89.98500 150.00500 131.56021 216.56708
0.06931 104.98500 150.00500 134.38781 250.16079
0.06931 119.98500 150.00500 137.40963 283.19084
0.06931 134.98500 150.00500 140.34580 315.73901
0.06931 149.98500 150.00500 143.46964 347.76401
0.06931 164.98500 150.00500 146.52714 379.10386
0.06931 179.98500 150.00500 149.63962 409.89961
0.06931 194.98500 150.00500 152.71854 440.04225
0.06931 209.98500 150.00500 155.90231 469.60484
0.06931 224.98500 150.00500 159.01709 498.50243
0.06931 239.98500 150.00500 162.06569 526.79794
0.06931 14.98500 165.00500 99.84039 43.06985
0.06931 29.98500 165.00500 102.54945 77.82660
0.06931 44.98500 165.00500 105.26818 112.18656
0.06931 59.98500 165.00500 108.04324 146.21259
0.06931 74.98500 165.00500 110.90340 179.85920
0.06931 89.98500 165.00500 113.76268 213.06732
0.06931 104.98500 165.00500 116.76167 245.87529
0.06931 119.98500 165.00500 119.76870 278.17457
0.06931 134.98500 165.00500 122.85835 310.01183
0.06931 149.98500 165.00500 125.87891 341.15652
0.06931 164.98500 165.00500 129.08563 371.96688
0.06931 179.98500 165.00500 132.21707 402.11029
0.06931 194.98500 165.00500 135.41974 431.67080
0.06931 209.98500 165.00500 138.61739 460.58838
0.06931 224.98500 165.00500 141.94346 489.01549
0.06931 239.98500 165.00500 144.98485 516.74544
0.06931 14.98500 180.00500 82.75707 43.87489
0.06931 29.98500 180.00500 85.53223 77.80313
0.06931 44.98500 180.00500 88.35286 111.35511
0.06931 59.98500 180.00500 91.10170 144.48978
0.06931 74.98500 180.00500 94.03648 177.36872
0.06931 89.98500 180.00500 96.95312 209.76663
0.06931 104.98500 180.00500 99.97391 241.84523
0.06931 119.98500 180.00500 103.02748 273.35037
0.06931 134.98500 180.00500 106.15182 304.44123
0.06931 149.98500 180.00500 109.34964 334.98991
0.06931 164.98500 180.00500 112.42066 365.01690
0.06931 179.98500 180.00500 115.75728 394.70981
0.06931 194.98500 180.00500 118.96904 423.64395
0.06931 209.98500 180.00500 122.15413 452.01034
0.06931 224.98500 180.00500 125.42655 479.91433
0.06931 239.98500 180.00500 128.71236 507.26270
0.06931 14.98500 195.00500 66.53221 44.65056
0.06931 29.98500 195.00500 69.36362 77.72954
0.06931 44.98500 195.00500 72.18814 110.54355
0.06931 59.98500 195.00500 75.05471 142.92704
0.06931 74.98500 195.00500 77.97883 175.02268
0.06931 89.98500 195.00500 80.95817 206.66604
0.06931 104.98500 195.00500 83.97868 237.94014
0.06931 119.98500 195.00500 87.05522 268.81091
0.06931 134.98500 195.00500 90.22933 299.18800
0.06931 149.98500 195.00500 93.40415 329.07865
0.06931 164.98500 195.00500 96.69574 358.62586
0.06931 179.98500 195.00500 100.02454 387.52043
0.06931 194.98500 195.00500 103.22980 415.91551
0.06931 209.98500 195.00500 106.41085 443.87233
0.06931 224.98500 195.00500 109.65804 471.27722
0.06931 239.98500 195.00500 113.03875 498.01430
0.06931 14.98500 210.00500 51.15977 45.41001
0.06931 29.98500 210.00500 53.96490 77.69306
0.06931 44.98500 210.00500 56.83799 109.73373
0.06931 59.98500 210.00500 59.75977 141.38507
0.06931 74.98500 210.00500 62.70520 172.71925
0.06931 89.98500 210.00500 65.70428 203.70288
0.06931 104.98500 210.00500 68.71144 234.24690
0.06931 119.98500 210.00500 71.89211 264.48993
0.06931 134.98500 210.00500 74.96480 294.16245
0.06931 149.98500 210.00500 78.21416 323.45770
0.06931 164.98500 210.00500 81.48181 352.37979
0.06931 179.98500 210.00500 84.86919 380.71982
0.06931 194.98500 210.00500 88.10670 408.62878
0.06931 209.98500 210.00500 91.34113 436.07984
0.06931 224.98500 210.00500 94.56508 462.92739
0.06931 239.98500 210.00500 97.94911 489.18106
0.06931 14.98500 225.00500 36.49780 46.13117
0.06931 29.98500 225.00500 39.34031 77.70605
0.06931 44.98500 225.00500 42.16970 108.93702
0.06931 59.98500 225.00500 45.13995 139.95166
0.06931 74.98500 225.00500 48.10061 170.58174
0.06931 89.98500 225.00500 51.13967 200.85617
0.06931 104.98500 225.00500 54.17622 230.75212
0.06931 119.98500 225.00500 57.37045 260.33487
0.06931 134.98500 225.00500 60.51003 289.40703
0.06931 149.98500 225.00500 63.75939 318.09513
0.06931 164.98500 225.00500 66.96296 346.30358
0.06931 179.98500 225.00500 70.38188 374.17945
0.06931 194.98500 225.00500 73.65693 401.65796
0.06931 209.98500 225.00500 76.85669 428.49647
0.06931 224.98500 225.00500 80.10353 454.94009
0.06931 239.98500 225.00500 83.63431 480.83774
0.06931 14.98500 240.00500 22.45173 46.89184
0.06931 29.98500 240.00500 25.29339 77.70167
0.06931 44.98500 240.00500 28.22309 108.30645
0.06931 59.98500 240.00500 31.16481 138.55664
0.06931 74.98500 240.00500 34.21967 168.53188
0.06931 89.98500 240.00500 37.21612 198.08849
0.06931 104.98500 240.00500 40.32445 227.42904
0.06931 119.98500 240.00500 43.46025 256.28695
0.06931 134.98500 240.00500 46.66042 284.80423
0.06931 149.98500 240.00500 49.87574 312.88231
0.06931 164.98500 240.00500 53.21161 340.64672
0.06931 179.98500 240.00500 56.46136 367.87825
0.06931 194.98500 240.00500 59.81601 394.79521
0.06931 209.98500 240.00500 63.13320 421.22097
0.06931 224.98500 240.00500 66.42393 447.13431
0.06931 239.98500 240.00500 69.85967 472.61539
